s[m], nparts, xrms [cm], yrms [cm], zrms [cm], ax, bx, ex[mm-mrad], ay, by, ey[mm-mrad], az, bz, ez[m-GeV], sigx[cm], sigy[cm], sigxx[cm2], sigyy[cm2], sigxy[cm2], r90[cm], r99[cm] 
0.000 20000 0.080 0.070 1.587 -2.035 0.189 3.350136 1.599 0.143 3.376156 0.187 127.417 0.019765 -0.00100 0.00077 0.000063 0.000048 -0.000001 0.1564 0.2097 
0.011 20000 0.089 0.061 1.583 -2.382 0.239 3.350699 1.299 0.111 3.375653 0.118 126.668 0.019793 -0.00110 0.00065 0.000080 0.000038 -0.000001 0.1612 0.2248 
0.022 20000 0.100 0.054 1.582 -2.741 0.296 3.351397 1.011 0.086 3.375048 0.050 126.197 0.019824 -0.00121 0.00052 0.000099 0.000029 -0.000001 0.1720 0.2460 
0.033 20000 0.110 0.048 1.582 -3.111 0.362 3.352345 0.731 0.067 3.374206 -0.017 126.007 0.019858 -0.00131 0.00040 0.000121 0.000023 -0.000001 0.1861 0.2704 
0.044 20000 0.121 0.043 1.584 -3.492 0.435 3.353716 0.461 0.054 3.373025 -0.083 126.096 0.019895 -0.00141 0.00028 0.000146 0.000018 -0.000000 0.2026 0.2964 
0.056 20000 0.132 0.040 1.588 -3.883 0.518 3.355702 0.196 0.047 3.371548 -0.149 126.461 0.019934 -0.00152 0.00015 0.000174 0.000016 -0.000000 0.2203 0.3213 
0.067 20000 0.143 0.039 1.593 -4.281 0.609 3.358470 -0.065 0.046 3.369861 -0.212 127.101 0.019973 -0.00162 0.00003 0.000204 0.000015 -0.000000 0.2381 0.3476 
0.078 20000 0.154 0.041 1.601 -4.685 0.708 3.362055 -0.325 0.050 3.368383 -0.274 128.016 0.020012 -0.00173 -0.00009 0.000238 0.000017 0.000000 0.2570 0.3743 
0.089 20000 0.166 0.045 1.610 -5.094 0.817 3.366393 -0.586 0.061 3.367521 -0.333 129.202 0.020050 -0.00183 -0.00022 0.000275 0.000020 0.000000 0.2760 0.4016 
0.100 20000 0.177 0.051 1.620 -5.505 0.934 3.371402 -0.851 0.077 3.367365 -0.390 130.655 0.020085 -0.00193 -0.00034 0.000315 0.000026 0.000001 0.2957 0.4289 
0.108 20000 0.185 0.056 1.628 -5.184 1.013 3.378837 -1.101 0.091 3.368060 -0.450 131.660 0.020126 -0.00200 -0.00043 0.000342 0.000031 0.000001 0.3085 0.4471 
0.115 20000 0.192 0.061 1.636 -4.744 1.088 3.382728 -1.363 0.110 3.368681 -0.484 132.924 0.020143 -0.00206 -0.00051 0.000368 0.000037 0.000001 0.3204 0.4628 
0.123 20000 0.198 0.067 1.645 -4.217 1.154 3.386670 -1.653 0.133 3.369427 -0.518 134.306 0.020159 -0.00210 -0.00060 0.000391 0.000045 0.000001 0.3312 0.4771 
0.131 20000 0.203 0.074 1.655 -3.613 1.213 3.390618 -1.976 0.161 3.370258 -0.552 135.802 0.020174 -0.00214 -0.00070 0.000411 0.000054 0.000002 0.3411 0.4891 
0.138 20000 0.207 0.081 1.665 -2.943 1.261 3.394562 -2.338 0.193 3.371180 -0.584 137.408 0.020187 -0.00217 -0.00079 0.000428 0.000065 0.000002 0.3499 0.4997 
0.146 20000 0.210 0.088 1.676 -2.219 1.299 3.398470 -2.747 0.232 3.372178 -0.616 139.123 0.020198 -0.00219 -0.00089 0.000441 0.000078 0.000002 0.3573 0.5083 
0.153 20000 0.212 0.097 1.688 -1.456 1.325 3.402311 -3.209 0.277 3.373264 -0.648 140.943 0.020208 -0.00219 -0.00100 0.000451 0.000093 0.000002 0.3634 0.5144 
0.161 20000 0.214 0.105 1.700 -0.645 1.341 3.402312 -3.723 0.330 3.373319 -0.663 142.933 0.020208 -0.00219 -0.00111 0.000456 0.000111 0.000003 0.3688 0.5189 
0.173 20000 0.215 0.120 1.719 -0.692 1.355 3.408310 -4.286 0.426 3.375193 -0.712 146.168 0.020222 -0.00218 -0.00128 0.000462 0.000144 0.000003 0.3764 0.5256 
0.185 20000 0.216 0.134 1.740 -0.737 1.371 3.414050 -4.853 0.535 3.377247 -0.761 149.649 0.020234 -0.00216 -0.00145 0.000468 0.000181 0.000004 0.3866 0.5312 
0.197 20000 0.218 0.149 1.762 -0.780 1.387 3.419552 -5.425 0.658 3.379490 -0.808 153.373 0.020243 -0.00215 -0.00163 0.000474 0.000222 0.000004 0.3984 0.5396 
0.209 20000 0.219 0.164 1.785 -0.822 1.404 3.424795 -6.000 0.795 3.381905 -0.855 157.334 0.020250 -0.00214 -0.00180 0.000481 0.000269 0.000004 0.4114 0.5507 
0.221 20000 0.221 0.179 1.809 -0.863 1.423 3.429790 -6.579 0.945 3.384480 -0.902 161.528 0.020255 -0.00212 -0.00198 0.000488 0.000320 0.000005 0.4247 0.5646 
0.233 20000 0.223 0.194 1.834 -0.903 1.442 3.434535 -7.160 1.109 3.387213 -0.948 165.953 0.020259 -0.00211 -0.00215 0.000495 0.000376 0.000005 0.4394 0.5822 
0.245 20000 0.224 0.209 1.859 -0.942 1.463 3.439038 -7.743 1.287 3.390100 -0.993 170.605 0.020261 -0.00210 -0.00233 0.000503 0.000436 0.000006 0.4556 0.5999 
0.257 20000 0.226 0.224 1.886 -0.980 1.484 3.443322 -8.329 1.478 3.393135 -1.039 175.481 0.020262 -0.00208 -0.00250 0.000511 0.000502 0.000006 0.4717 0.6205 
0.269 20000 0.228 0.239 1.913 -1.017 1.507 3.447385 -8.916 1.684 3.396312 -1.084 180.580 0.020263 -0.00207 -0.00268 0.000519 0.000572 0.000007 0.4888 0.6470 
0.281 20000 0.230 0.254 1.941 -1.053 1.530 3.451240 -9.504 1.903 3.399629 -1.129 185.901 0.020262 -0.00205 -0.00285 0.000528 0.000647 0.000007 0.5068 0.6750 
0.289 20000 0.232 0.264 1.960 -2.147 1.554 3.456180 -8.521 2.049 3.404195 -1.170 189.696 0.020260 -0.00205 -0.00296 0.000537 0.000698 0.000008 0.5195 0.6971 
0.297 20000 0.235 0.272 1.980 -3.275 1.598 3.458553 -7.339 2.179 3.406587 -1.200 193.588 0.020258 -0.00206 -0.00306 0.000553 0.000742 0.000008 0.5314 0.7154 
0.306 20000 0.240 0.279 2.001 -4.474 1.660 3.460887 -5.996 2.287 3.408978 -1.230 197.583 0.020256 -0.00208 -0.00314 0.000575 0.000780 0.000008 0.5430 0.7315 
0.314 20000 0.246 0.284 2.021 -5.773 1.743 3.463200 -4.521 2.372 3.411364 -1.261 201.681 0.020253 -0.00211 -0.00320 0.000604 0.000809 0.000009 0.5546 0.7454 
0.322 20000 0.253 0.288 2.042 -7.201 1.849 3.465510 -2.947 2.432 3.413741 -1.291 205.882 0.020251 -0.00215 -0.00324 0.000641 0.000830 0.000009 0.5659 0.7580 
0.330 20000 0.262 0.290 2.063 -8.790 1.979 3.467832 -1.309 2.466 3.416107 -1.322 210.187 0.020248 -0.00221 -0.00327 0.000686 0.000842 0.000010 0.5764 0.7666 
0.339 20000 0.272 0.291 2.084 -10.574 2.137 3.470182 0.356 2.472 3.418458 -1.352 214.595 0.020244 -0.00228 -0.00327 0.000742 0.000845 0.000010 0.5881 0.7750 
0.347 20000 0.284 0.290 2.106 -12.591 2.328 3.470301 2.025 2.452 3.418458 -1.374 219.078 0.020243 -0.00236 -0.00326 0.000808 0.000838 0.000010 0.5980 0.7857 
0.358 20000 0.302 0.287 2.136 -13.369 2.618 3.473628 1.983 2.405 3.421662 -1.415 225.406 0.020238 -0.00248 -0.00323 0.000909 0.000823 0.000011 0.6136 0.7981 
0.369 20000 0.319 0.284 2.166 -14.148 2.926 3.477014 1.941 2.359 3.424811 -1.457 231.926 0.020232 -0.00259 -0.00320 0.001017 0.000808 0.000011 0.6309 0.8200 
0.381 20000 0.336 0.282 2.197 -14.927 3.250 3.480461 1.901 2.314 3.427909 -1.499 238.638 0.020227 -0.00271 -0.00317 0.001131 0.000793 0.000012 0.6506 0.8446 
0.392 20000 0.354 0.279 2.228 -15.706 3.592 3.483962 1.862 2.269 3.430938 -1.541 245.542 0.020221 -0.00283 -0.00314 0.001251 0.000779 0.000012 0.6694 0.8710 
0.403 20000 0.371 0.276 2.260 -16.485 3.951 3.487512 1.824 2.226 3.433892 -1.583 252.637 0.020215 -0.00295 -0.00312 0.001378 0.000764 0.000013 0.6893 0.9022 
0.414 20000 0.389 0.274 2.292 -17.264 4.327 3.491111 1.787 2.184 3.436771 -1.625 259.925 0.020209 -0.00307 -0.00309 0.001511 0.000751 0.000013 0.7096 0.9342 
0.426 20000 0.406 0.271 2.324 -18.043 4.720 3.494761 1.750 2.142 3.439579 -1.667 267.405 0.020202 -0.00319 -0.00306 0.001650 0.000737 0.000014 0.7319 0.9650 
0.437 20000 0.424 0.269 2.357 -18.821 5.130 3.498455 1.715 2.102 3.442306 -1.710 275.078 0.020196 -0.00331 -0.00303 0.001795 0.000724 0.000014 0.7536 1.0006 
0.448 20000 0.441 0.267 2.390 -19.599 5.557 3.502190 1.680 2.062 3.444951 -1.752 282.944 0.020189 -0.00343 -0.00300 0.001946 0.000710 0.000015 0.7774 1.0359 
0.460 20000 0.459 0.264 2.423 -20.376 6.002 3.505963 1.647 2.023 3.447511 -1.794 291.004 0.020183 -0.00355 -0.00297 0.002104 0.000698 0.000015 0.8011 1.0729 
0.471 20000 0.476 0.262 2.457 -21.152 6.463 3.509780 1.614 1.985 3.449994 -1.837 299.258 0.020176 -0.00366 -0.00294 0.002268 0.000685 0.000015 0.8252 1.1100 
0.482 20000 0.494 0.259 2.491 -21.928 6.941 3.513633 1.581 1.948 3.452393 -1.880 307.706 0.020170 -0.00378 -0.00291 0.002439 0.000673 0.000016 0.8516 1.1443 
0.493 20000 0.511 0.257 2.526 -22.703 7.436 3.517520 1.550 1.911 3.454709 -1.922 316.349 0.020163 -0.00390 -0.00288 0.002616 0.000660 0.000016 0.8774 1.1812 
0.505 20000 0.529 0.255 2.560 -23.477 7.947 3.521440 1.519 1.876 3.456941 -1.965 325.187 0.020156 -0.00402 -0.00285 0.002799 0.000648 0.000016 0.9034 1.2165 
0.516 20000 0.547 0.252 2.595 -24.250 8.476 3.525397 1.488 1.841 3.459100 -2.008 334.220 0.020150 -0.00414 -0.00283 0.002988 0.000637 0.000017 0.9305 1.2535 
0.527 20000 0.564 0.250 2.630 -25.022 9.021 3.529384 1.458 1.807 3.461178 -2.051 343.450 0.020143 -0.00426 -0.00280 0.003184 0.000625 0.000017 0.9568 1.2909 
0.537 20000 0.578 0.249 2.660 -21.144 9.448 3.535694 0.572 1.785 3.464524 -2.095 351.546 0.020133 -0.00435 -0.00278 0.003341 0.000619 0.000017 0.9776 1.3211 
0.546 20000 0.589 0.249 2.691 -16.892 9.805 3.538909 -0.295 1.782 3.466125 -2.132 359.706 0.020127 -0.00442 -0.00277 0.003470 0.000618 0.000018 0.9954 1.3439 
0.556 20000 0.597 0.249 2.721 -12.340 10.077 3.542010 -1.165 1.795 3.467693 -2.169 368.005 0.020122 -0.00447 -0.00278 0.003570 0.000623 0.000018 1.0085 1.3628 
0.565 20000 0.603 0.252 2.752 -7.570 10.260 3.545017 -2.057 1.825 3.469241 -2.206 376.447 0.020118 -0.00450 -0.00280 0.003637 0.000633 0.000018 1.0179 1.3749 
0.575 20000 0.606 0.255 2.783 -2.669 10.350 3.547955 -2.986 1.872 3.470783 -2.243 385.031 0.020113 -0.00451 -0.00283 0.003672 0.000650 0.000019 1.0232 1.3808 
0.585 20000 0.606 0.259 2.814 2.272 10.345 3.550851 -3.969 1.938 3.472330 -2.280 393.759 0.020108 -0.00450 -0.00288 0.003674 0.000673 0.000019 1.0244 1.3815 
0.594 20000 0.603 0.265 2.845 7.164 10.246 3.553732 -5.024 2.023 3.473896 -2.317 402.633 0.020103 -0.00447 -0.00294 0.003641 0.000703 0.000019 1.0214 1.3764 
0.604 20000 0.598 0.272 2.876 11.917 10.054 3.556620 -6.171 2.130 3.475494 -2.355 411.655 0.020098 -0.00442 -0.00301 0.003576 0.000740 0.000019 1.0146 1.3640 
0.614 20000 0.590 0.280 2.908 16.444 9.773 3.559545 -7.431 2.259 3.477137 -2.392 420.826 0.020092 -0.00435 -0.00310 0.003479 0.000786 0.000020 1.0046 1.3478 
0.623 20000 0.579 0.290 2.939 20.690 9.415 3.559795 -8.824 2.415 3.477276 -2.423 430.049 0.020091 -0.00425 -0.00320 0.003352 0.000840 0.000020 0.9898 1.3263 
0.634 20000 0.565 0.302 2.976 20.151 8.953 3.563325 -9.190 2.613 3.479274 -2.467 441.004 0.020085 -0.00414 -0.00332 0.003191 0.000909 0.000020 0.9741 1.2976 
0.645 20000 0.551 0.313 3.013 19.615 8.504 3.566790 -9.556 2.819 3.481312 -2.511 452.158 0.020078 -0.00402 -0.00345 0.003033 0.000982 0.000020 0.9581 1.2694 
0.656 20000 0.537 0.325 3.050 19.081 8.067 3.570187 -9.923 3.034 3.483392 -2.555 463.512 0.020071 -0.00390 -0.00357 0.002880 0.001057 0.000020 0.9415 1.2460 
0.667 20000 0.523 0.337 3.087 18.549 7.643 3.573520 -10.291 3.256 3.485515 -2.600 475.066 0.020064 -0.00378 -0.00369 0.002731 0.001135 0.000021 0.9271 1.2162 
0.679 20000 0.509 0.349 3.125 18.019 7.231 3.576781 -10.658 3.486 3.487679 -2.645 486.823 0.020057 -0.00366 -0.00382 0.002586 0.001216 0.000021 0.9137 1.1903 
0.690 20000 0.495 0.361 3.162 17.492 6.831 3.579969 -11.026 3.725 3.489886 -2.690 498.782 0.020050 -0.00355 -0.00394 0.002446 0.001300 0.000021 0.9028 1.1694 
0.701 20000 0.480 0.372 3.200 16.967 6.443 3.583087 -11.394 3.971 3.492139 -2.735 510.946 0.020044 -0.00343 -0.00407 0.002309 0.001387 0.000021 0.8928 1.1474 
0.712 20000 0.466 0.384 3.238 16.445 6.067 3.586129 -11.763 4.225 3.494436 -2.781 523.315 0.020037 -0.00331 -0.00419 0.002176 0.001477 0.000021 0.8850 1.1294 
0.723 20000 0.452 0.396 3.276 15.925 5.704 3.589094 -12.131 4.487 3.496777 -2.826 535.889 0.020030 -0.00319 -0.00432 0.002047 0.001569 0.000021 0.8786 1.1207 
0.733 20000 0.441 0.406 3.309 13.989 5.410 3.593605 -11.173 4.706 3.500713 -2.874 547.074 0.020019 -0.00309 -0.00442 0.001944 0.001648 0.000021 0.8736 1.1110 
0.742 20000 0.431 0.415 3.343 12.223 5.155 3.595882 -10.098 4.907 3.502778 -2.914 558.281 0.020013 -0.00300 -0.00451 0.001854 0.001719 0.000020 0.8708 1.1055 
0.752 20000 0.421 0.422 3.376 10.587 4.933 3.598048 -8.920 5.087 3.504833 -2.954 569.643 0.020008 -0.00292 -0.00459 0.001775 0.001783 0.000020 0.8695 1.1040 
0.761 20000 0.413 0.429 3.409 9.065 4.742 3.600110 -7.650 5.243 3.506879 -2.994 581.160 0.020002 -0.00285 -0.00466 0.001707 0.001839 0.000020 0.8684 1.1024 
0.771 20000 0.406 0.434 3.443 7.640 4.579 3.602084 -6.303 5.374 3.508918 -3.035 592.834 0.019997 -0.00278 -0.00471 0.001649 0.001886 0.000020 0.8671 1.1043 
0.781 20000 0.400 0.439 3.477 6.297 4.443 3.603978 -4.892 5.478 3.510952 -3.076 604.664 0.019992 -0.00272 -0.00475 0.001601 0.001924 0.000020 0.8663 1.1109 
0.790 20000 0.395 0.442 3.511 5.021 4.332 3.605800 -3.432 5.555 3.512980 -3.117 616.653 0.019986 -0.00267 -0.00478 0.001562 0.001952 0.000020 0.8643 1.1132 
0.800 20000 0.391 0.444 3.545 3.799 4.245 3.607563 -1.938 5.603 3.515006 -3.158 628.800 0.019981 -0.00262 -0.00480 0.001531 0.001970 0.000020 0.8627 1.1138 
0.809 20000 0.388 0.445 3.579 2.619 4.181 3.609275 -0.425 5.623 3.517031 -3.199 641.107 0.019976 -0.00258 -0.00481 0.001509 0.001978 0.000019 0.8609 1.1123 
0.819 20000 0.387 0.444 3.613 1.476 4.142 3.609283 1.100 5.616 3.517031 -3.233 653.413 0.019976 -0.00255 -0.00480 0.001495 0.001975 0.000019 0.8587 1.1095 
0.831 20000 0.385 0.443 3.655 1.456 4.105 3.611340 1.083 5.586 3.519535 -3.284 669.006 0.019970 -0.00251 -0.00478 0.001483 0.001966 0.000019 0.8559 1.1066 
0.843 20000 0.383 0.442 3.698 1.436 4.069 3.613359 1.066 5.557 3.522040 -3.336 684.846 0.019963 -0.00248 -0.00476 0.001470 0.001958 0.000019 0.8529 1.1008 
0.854 20000 0.382 0.441 3.740 1.416 4.033 3.615339 1.049 5.528 3.524545 -3.388 700.935 0.019957 -0.00244 -0.00475 0.001458 0.001949 0.000019 0.8497 1.0958 
0.866 20000 0.380 0.440 3.783 1.396 3.998 3.617282 1.032 5.500 3.527049 -3.440 717.274 0.019951 -0.00241 -0.00473 0.001446 0.001940 0.000018 0.8466 1.0938 
0.878 20000 0.379 0.439 3.826 1.377 3.963 3.619190 1.015 5.472 3.529555 -3.493 733.865 0.019945 -0.00237 -0.00471 0.001434 0.001932 0.000018 0.8435 1.0901 
0.890 20000 0.377 0.439 3.869 1.357 3.929 3.621060 0.999 5.444 3.532060 -3.545 750.707 0.019939 -0.00234 -0.00470 0.001423 0.001923 0.000018 0.8406 1.0872 
0.902 20000 0.376 0.438 3.912 1.338 3.895 3.622892 0.982 5.417 3.534561 -3.599 767.803 0.019933 -0.00230 -0.00468 0.001411 0.001915 0.000018 0.8378 1.0838 
0.914 20000 0.374 0.437 3.955 1.319 3.861 3.624685 0.966 5.391 3.537056 -3.652 785.153 0.019927 -0.00227 -0.00466 0.001400 0.001907 0.000018 0.8355 1.0808 
0.925 20000 0.373 0.436 3.999 1.300 3.829 3.626439 0.949 5.364 3.539546 -3.706 802.759 0.019921 -0.00223 -0.00465 0.001389 0.001899 0.000017 0.8322 1.0776 
0.937 20000 0.371 0.435 4.043 1.281 3.797 3.628153 0.933 5.338 3.542030 -3.760 820.621 0.019915 -0.00219 -0.00463 0.001377 0.001891 0.000017 0.8294 1.0741 
0.949 20000 0.370 0.434 4.086 1.263 3.765 3.629828 0.917 5.313 3.544508 -3.814 838.741 0.019909 -0.00216 -0.00461 0.001367 0.001883 0.000017 0.8269 1.0708 
0.961 20000 0.368 0.433 4.130 1.244 3.734 3.631465 0.901 5.288 3.546980 -3.868 857.119 0.019903 -0.00212 -0.00460 0.001356 0.001876 0.000017 0.8243 1.0669 
0.973 20000 0.367 0.432 4.174 1.226 3.703 3.633063 0.885 5.263 3.549443 -3.923 875.756 0.019898 -0.00209 -0.00458 0.001345 0.001868 0.000017 0.8218 1.0642 
0.985 20000 0.365 0.431 4.219 1.208 3.672 3.634624 0.870 5.239 3.551898 -3.978 894.654 0.019892 -0.00205 -0.00456 0.001335 0.001861 0.000016 0.8193 1.0614 
0.996 20000 0.364 0.431 4.263 1.190 3.643 3.636142 0.854 5.215 3.554346 -4.033 913.813 0.019887 -0.00202 -0.00455 0.001325 0.001854 0.000016 0.8169 1.0589 
1.008 20000 0.363 0.430 4.307 1.173 3.613 3.637624 0.839 5.191 3.556785 -4.089 933.234 0.019881 -0.00198 -0.00453 0.001314 0.001847 0.000016 0.8147 1.0536 
1.020 20000 0.361 0.429 4.352 1.155 3.584 3.639070 0.823 5.168 3.559213 -4.145 952.919 0.019876 -0.00194 -0.00451 0.001304 0.001840 0.000016 0.8118 1.0493 
1.032 20000 0.360 0.428 4.397 1.138 3.556 3.640478 0.808 5.146 3.561632 -4.201 972.866 0.019871 -0.00191 -0.00450 0.001295 0.001833 0.000016 0.8092 1.0463 
1.044 20000 0.358 0.427 4.442 1.120 3.528 3.641849 0.793 5.123 3.564040 -4.257 993.079 0.019866 -0.00187 -0.00448 0.001285 0.001826 0.000015 0.8070 1.0434 
1.056 20000 0.357 0.427 4.487 1.103 3.501 3.643182 0.778 5.101 3.566437 -4.314 1013.556 0.019861 -0.00184 -0.00446 0.001275 0.001820 0.000015 0.8049 1.0408 
1.067 20000 0.356 0.426 4.532 1.086 3.474 3.644480 0.763 5.080 3.568822 -4.370 1034.298 0.019856 -0.00180 -0.00445 0.001266 0.001813 0.000015 0.8025 1.0366 
1.079 20000 0.354 0.425 4.577 1.069 3.447 3.645745 0.748 5.059 3.571193 -4.427 1055.308 0.019852 -0.00177 -0.00443 0.001257 0.001807 0.000015 0.8006 1.0320 
1.091 20000 0.353 0.424 4.622 1.053 3.421 3.646974 0.733 5.038 3.573551 -4.485 1076.584 0.019847 -0.00173 -0.00441 0.001248 0.001801 0.000015 0.7981 1.0292 
1.103 20000 0.352 0.424 4.668 1.036 3.395 3.648163 0.719 5.018 3.575888 -4.542 1098.040 0.019843 -0.00170 -0.00440 0.001239 0.001795 0.000014 0.7958 1.0261 
1.115 20000 0.351 0.423 4.713 1.020 3.370 3.649316 0.705 4.998 3.578212 -4.599 1119.762 0.019839 -0.00166 -0.00438 0.001230 0.001789 0.000014 0.7936 1.0240 
1.126 20000 0.349 0.422 4.759 1.004 3.345 3.650436 0.690 4.978 3.580523 -4.657 1141.751 0.019835 -0.00162 -0.00436 0.001221 0.001783 0.000014 0.7914 1.0215 
1.138 20000 0.348 0.422 4.805 0.988 3.321 3.651523 0.676 4.959 3.582820 -4.715 1164.006 0.019831 -0.00159 -0.00435 0.001213 0.001777 0.000014 0.7892 1.0167 
1.150 20000 0.347 0.421 4.850 0.972 3.297 3.652574 0.662 4.940 3.585101 -4.773 1186.530 0.019827 -0.00155 -0.00433 0.001204 0.001771 0.000014 0.7871 1.0139 
1.162 20000 0.346 0.420 4.896 0.956 3.273 3.653592 0.648 4.922 3.587369 -4.832 1209.321 0.019824 -0.00152 -0.00431 0.001196 0.001766 0.000013 0.7850 1.0115 
1.174 20000 0.345 0.420 4.942 0.940 3.250 3.654578 0.634 4.904 3.589621 -4.890 1232.380 0.019820 -0.00148 -0.00430 0.001188 0.001761 0.000013 0.7831 1.0083 
1.185 20000 0.343 0.419 4.988 0.925 3.227 3.655529 0.620 4.886 3.591856 -4.949 1255.708 0.019817 -0.00145 -0.00428 0.001180 0.001755 0.000013 0.7810 1.0060 
1.197 20000 0.342 0.418 5.035 0.909 3.205 3.656447 0.606 4.869 3.594074 -5.008 1279.304 0.019814 -0.00141 -0.00426 0.001172 0.001750 0.000013 0.7788 1.0031 
1.209 20000 0.341 0.418 5.081 0.894 3.183 3.657334 0.592 4.852 3.596276 -5.067 1303.170 0.019812 -0.00138 -0.00425 0.001164 0.001745 0.000013 0.7768 1.0000 
1.221 20000 0.340 0.417 5.128 0.879 3.162 3.658192 0.579 4.835 3.598461 -5.126 1327.305 0.019809 -0.00134 -0.00423 0.001157 0.001740 0.000013 0.7747 0.9974 
1.233 20000 0.339 0.417 5.174 0.864 3.141 3.659018 0.565 4.819 3.600629 -5.186 1351.709 0.019806 -0.00130 -0.00421 0.001149 0.001735 0.000012 0.7728 0.9951 
1.244 20000 0.338 0.416 5.221 0.849 3.120 3.659812 0.552 4.803 3.602779 -5.246 1376.383 0.019804 -0.00127 -0.00420 0.001142 0.001731 0.000012 0.7713 0.9915 
1.256 20000 0.337 0.415 5.268 0.834 3.099 3.660575 0.539 4.787 3.604912 -5.305 1401.327 0.019802 -0.00123 -0.00418 0.001135 0.001726 0.000012 0.7692 0.9885 
1.268 20000 0.336 0.415 5.315 0.819 3.079 3.661311 0.525 4.772 3.607028 -5.366 1426.541 0.019800 -0.00120 -0.00416 0.001127 0.001722 0.000012 0.7674 0.9865 
1.280 20000 0.335 0.414 5.362 0.804 3.060 3.662022 0.512 4.757 3.609125 -5.426 1452.025 0.019799 -0.00116 -0.00415 0.001120 0.001717 0.000012 0.7652 0.9836 
1.291 20000 0.334 0.414 5.409 0.790 3.040 3.662705 0.499 4.743 3.611205 -5.486 1477.779 0.019797 -0.00113 -0.00413 0.001114 0.001713 0.000011 0.7632 0.9820 
1.303 20000 0.333 0.413 5.456 0.776 3.022 3.663360 0.486 4.729 3.613267 -5.547 1503.803 0.019796 -0.00109 -0.00411 0.001107 0.001709 0.000011 0.7617 0.9798 
1.315 20000 0.332 0.413 5.504 0.761 3.003 3.663986 0.473 4.715 3.615311 -5.608 1530.098 0.019795 -0.00106 -0.00410 0.001100 0.001705 0.000011 0.7600 0.9772 
1.327 20000 0.331 0.412 5.551 0.747 2.985 3.664584 0.460 4.701 3.617335 -5.668 1556.663 0.019794 -0.00102 -0.00408 0.001094 0.001701 0.000011 0.7581 0.9744 
1.339 20000 0.330 0.412 5.599 0.733 2.967 3.665157 0.448 4.688 3.619340 -5.729 1583.499 0.019794 -0.00099 -0.00406 0.001087 0.001697 0.000011 0.7566 0.9719 
1.350 20000 0.329 0.411 5.646 0.719 2.950 3.665701 0.435 4.675 3.621324 -5.791 1610.605 0.019794 -0.00095 -0.00405 0.001081 0.001693 0.000010 0.7551 0.9698 
1.362 20000 0.328 0.411 5.694 0.705 2.932 3.666221 0.422 4.663 3.623290 -5.852 1637.980 0.019793 -0.00091 -0.00403 0.001075 0.001690 0.000010 0.7535 0.9665 
1.373 20000 0.327 0.411 5.738 0.693 2.917 3.666673 0.411 4.651 3.625068 -5.908 1663.221 0.019794 -0.00088 -0.00401 0.001070 0.001686 0.000010 0.7522 0.9647 
1.384 20000 0.326 0.410 5.781 0.680 2.902 3.667102 0.400 4.641 3.626830 -5.964 1688.686 0.019794 -0.00085 -0.00400 0.001064 0.001683 0.000010 0.7511 0.9628 
1.395 20000 0.325 0.410 5.825 0.668 2.887 3.667510 0.388 4.630 3.628576 -6.021 1714.377 0.019794 -0.00082 -0.00398 0.001059 0.001680 0.000010 0.7494 0.9607 
1.395 20000 0.325 0.410 5.825 0.660 2.887 3.667919 0.379 4.628 3.630416 -6.031 1714.305 0.019795 -0.00082 -0.00398 0.001059 0.001680 0.000010 0.7494 0.9607 
